0 0.7730263157894737 0.17845394736842105 0.02055921052631579 0.23601973684210525
0 0.5707236842105263 0.28207236842105265 0.019736842105263157 0.28207236842105265
0 0.2746710526315789 0.29523026315789475 0.17598684210526316 0.07648026315789473
0 0.41694078947368424 0.3092105263157895 0.06825657894736842 0.18585526315789475
1 0.3215460526315789 0.3157894736842105 0.03618421052631579 0.06414473684210527
0 0.7064144736842105 0.35773026315789475 0.06578947368421052 0.4621710526315789
1 0.7080592105263158 0.3651315789473684 0.04523026315789474 0.08388157894736842
0 0.837171052631579 0.3782894736842105 0.054276315789473686 0.4432565789473684
1 0.5699013157894737 0.39555921052631576 0.03453947368421053 0.07319078947368421
1 0.44161184210526316 0.4029605263157895 0.03042763157894737 0.07648026315789473
1 0.850328947368421 0.4465460526315789 0.032072368421052634 0.06825657894736842
1 0.23519736842105263 0.4662828947368421 0.046052631578947366 0.0962171052631579
1 0.6957236842105263 0.47039473684210525 0.03536184210526316 0.06990131578947369
1 0.5641447368421053 0.4810855263157895 0.03289473684210526 0.055098684210526314
1 0.06825657894736842 0.5279605263157895 0.04029605263157895 0.07648026315789473
1 0.15542763157894737 0.555921052631579 0.03289473684210526 0.09786184210526316
1 0.125 0.5682565789473685 0.03125 0.0962171052631579
1 0.24424342105263158 0.5912828947368421 0.032072368421052634 0.07154605263157894
0 0.16036184210526316 0.6134868421052632 0.04851973684210526 0.5518092105263158
0 0.0625 0.6175986842105263 0.05263157894736842 0.5106907894736842
0 0.6175986842105263 0.13157894736842105 0.05921052631578947 0.22286184210526316
0 0.4810855263157895 0.13898026315789475 0.061677631578947366 0.23190789473684212