1 0.694078947368421 0.3807565789473684 0.09786184210526316 0.19654605263157895
0 0.6414473684210527 0.5131578947368421 0.33963815789473684 0.9473684210526315
0 0.9259868421052632 0.5699013157894737 0.14473684210526316 0.3305921052631579
1 0.3355263157894737 0.6307565789473685 0.07319078947368421 0.15213815789473684
0 0.27713815789473684 0.6981907894736842 0.20230263157894737 0.3338815789473684
1 0.6480263157894737 0.709703947368421 0.10773026315789473 0.19490131578947367
1 0.9292763157894737 0.7697368421052632 0.10361842105263158 0.19736842105263158
1 0.22779605263157895 0.8412828947368421 0.10444078947368421 0.15049342105263158
1 0.734375 0.8478618421052632 0.09539473684210527 0.10526315789473684
1 0.31414473684210525 0.928453947368421 0.06578947368421052 0.09703947368421052
1 0.060032894736842105 0.9358552631578947 0.09703947368421052 0.10526315789473684