0 0.1825657894736842 0.09950657894736842 0.1669407894736842 0.10855263157894737
0 0.3996710526315789 0.10279605263157894 0.19407894736842105 0.11513157894736842
0 0.6990131578947368 0.2582236842105263 0.21546052631578946 0.11101973684210527
0 0.13322368421052633 0.2598684210526316 0.18667763157894737 0.109375
0 0.49588815789473684 0.26151315789473684 0.12828947368421054 0.11266447368421052
0 0.9046052631578947 0.26151315789473684 0.16776315789473684 0.11924342105263158
0 0.3256578947368421 0.2623355263157895 0.18092105263157895 0.11266447368421052
0 0.5016447368421053 0.43832236842105265 0.20148026315789475 0.11430921052631579
0 0.8955592105263158 0.43914473684210525 0.18996710526315788 0.11842105263157894
0 0.3157894736842105 0.43914473684210525 0.15625 0.11101973684210527
0 0.13404605263157895 0.4399671052631579 0.22779605263157895 0.12417763157894737
0 0.696546052631579 0.4457236842105263 0.14967105263157895 0.10197368421052631
0 0.6175986842105263 0.6085526315789473 0.18092105263157895 0.109375
0 0.18996710526315788 0.6118421052631579 0.20476973684210525 0.10444078947368421
0 0.40789473684210525 0.6126644736842105 0.20148026315789475 0.11677631578947369
0 0.8223684210526315 0.6126644736842105 0.17927631578947367 0.11430921052631579
0 0.6060855263157895 0.09703947368421052 0.16365131578947367 0.10444078947368421
0 0.8125 0.09703947368421052 0.1924342105263158 0.10855263157894737