0 0.796875 0.10279605263157894 0.3001644736842105 0.125
0 0.7960526315789473 0.2574013157894737 0.28536184210526316 0.13157894736842105
0 0.15049342105263158 0.2590460526315789 0.2080592105263158 0.12171052631578948
0 0.15213815789473684 0.4185855263157895 0.21052631578947367 0.109375
0 0.7993421052631579 0.4284539473684211 0.29605263157894735 0.13157894736842105
0 0.15213815789473684 0.5879934210526315 0.21052631578947367 0.11513157894736842
0 0.7894736842105263 0.5945723684210527 0.29605263157894735 0.13157894736842105
0 0.16365131578947367 0.7491776315789473 0.203125 0.10032894736842106
0 0.8100328947368421 0.756578947368421 0.3149671052631579 0.13980263157894737
0 0.16365131578947367 0.9046052631578947 0.21628289473684212 0.11348684210526316
0 0.805921052631579 0.9161184210526315 0.32648026315789475 0.12664473684210525
0 0.15378289473684212 0.09539473684210527 0.22286184210526316 0.11842105263157894